========================= Interacao ============================================

Forneca o nome do arquivo de entrada: breast.csv
Forneca o nome do arquivo de saida: conf-breast-10-3-89.txt
Forneca o numero de folds: 10
Forneca o numero de vizinhos: 3
Forneca o valor da semente para geracao randomizada: 89
Acuracia(vizinho): 87.71%
Desvio-Padrao(vizinho): 3.31%
Acuracia(centroide): 83.14%
Desvio-Padrao(centroide): 4.14%
Acuracia(k-vizinhos): 88.41%
Desvio-Padrao(k-vizinhos): 3.76%

============= Indices de exemplos dos folds ====================================  

[[565,445,234,561,150,331,141,57,89,40,520,496,74,270,345,248,178,229,125,205,492,368,564,102,148,250,318,438,471,195,376,513,24,117,236,530,485,426,88,100,314,110,120,508,30,139,147,20,49,272,
394,170,483,58,527,555,134],[130,239,468,238,411,430,43,489,93,491,349,501,525,406,478,286,211,338,218,304,269,495,48,188,96,22,472,465,87,82,291,315,214,529,439,462,111,536,474,216,364,10,146,549,365,161,384,562,341,335,
142,490,109,119,232,295,477],[423,532,511,552,160,31,294,277,476,138,176,92,317,419,223,303,203,157,257,136,79,244,17,534,432,389,165,200,114,112,207,332,26,105,502,547,526,448,361,6,383,509,418,115,475,132,282,399,62,55,
342,363,61,455,280,278,224],[182,15,428,287,515,402,171,34,44,41,135,391,145,118,328,190,420,292,264,149,327,276,154,396,499,568,78,237,189,198,281,283,51,209,11,144,251,256,306,35,25,409,412,431,546,300,417,429,199,228,
369,450,90,544,334,460,403],[131,226,193,73,222,151,554,451,242,4,518,407,440,76,217,38,519,14,97,388,259,543,129,108,241,385,164,379,5,425,512,175,308,504,163,53,184,397,367,370,482,84,159,337,558,208,265,106,123,436,
231,541,336,313,464,252,285],[309,302,401,9,72,414,344,537,494,324,128,215,296,18,307,548,263,187,378,516,528,422,0,375,325,507,158,99,506,340,16,274,98,443,2,421,7,453,416,348,267,60,23,121,113,219,225,463,103,86,497,343,
293,355,381,387,210],[484,122,330,140,479,316,152,481,321,204,359,461,168,253,550,80,42,553,444,521,449,427,333,456,505,493,310,320,77,395,382,177,466,442,366,183,243,95,262,39,66,212,390,104,126,322,162,83,410,538,
319,275,373,230,174,81,392],[64,398,56,459,65,357,437,360,386,447,551,249,143,433,408,323,247,91,13,311,434,255,517,488,71,155,567,400,469,305,372,191,59,185,45,560,37,245,19,510,254,266,358,346,201,487,347,221,503,531,353,
424,1,279,46,329,8],[21,153,371,452,404,467,559,374,233,94,535,50,297,480,540,156,413,179,63,435,54,299,202,213,235,500,470,312,227,271,68,354,240,127,289,393,339,284,69,356,47,133,169,539,514,3,75,556,380,563,542,
290,273,352,473,458,258],[52,415,28,173,124,557,67,405,137,172,107,27,446,566,33,522,180,246,533,362,167,192,220,12,116,498,181,524,36,85,441,523,260,197,288,298,350,194,301,351,486,196,32,457,101,326,377,29,545,70,166,
268,454,186,206,261]]

============= Matrizes de confusao =============================================

vizinho mais proximo:
169, 27
 43,330

centroides:
162, 46
 50,311

k-vizinhos mais próximos:
163, 17
 49,340




